{
  "camera_angle_x": 0.8896081932169821,
  "camera_angle_y": 0.9265535462986327,
  "fl_x": 755.251,
  "fl_y": 720.668,
  "k1": -0.000403443,
  "k2": 0.00905691,
  "p1": 5.44965e-05,
  "p2": -0.000874042,
  "cx": 336.384,
  "cy": 357.835,
  "w": 720.0,
  "h": 720.0,
  "aabb_scale": 16,
  "frames": [
    {
      "file_path": "./images/0013",
      "sharpness": 147.9245987131843,
      "transform_matrix": [
        [
          -0.751770395690884,
          0.20999426118726391,
          -0.625096533432505,
          -3.5786619931308197
        ],
        [
          -0.6511660940075926,
          -0.0868312285744778,
          0.7539528936208639,
          3.3080734684476947
        ],
        [
          0.10404797111925647,
          0.9738393009607762,
          0.20201762465021425,
          1.2987742347199838
        ],
        [
          0.0,
          0.0,
          0.0,
          1.0
        ]
      ]
    },
    {
      "file_path": "./images/0010",
      "sharpness": 126.25045022195549,
      "transform_matrix": [
        [
          -0.9931446915128449,
          0.0844089948328371,
          -0.08086721132567246,
          -0.5736985819360018
        ],
        [
          -0.09335478465817186,
          -0.15638260749420058,
          0.9832751830933272,
          4.020953616607057
        ],
        [
          0.07035105831502597,
          0.9840831865391345,
          0.16319025130438114,
          0.818111115705349
        ],
        [
          0.0,
          0.0,
          0.0,
          1.0
        ]
      ]
    },
    {
      "file_path": "./images/0008",
      "sharpness": 119.31737757037547,
      "transform_matrix": [
        [
          -0.969386239515368,
          -0.0010540540826727842,
          0.24554078258589754,
          0.8722717312683264
        ],
        [
          0.24311335925807476,
          -0.14444900564412155,
          0.9591826604008964,
          3.5959222709379985
        ],
        [
          0.03445708040537167,
          0.9895117802140203,
          0.14028270064442014,
          0.4368355017422758
        ],
        [
          0.0,
          0.0,
          0.0,
          1.0
        ]
      ]
    },
    {
      "file_path": "./images/0001",
      "sharpness": 329.46747297453703,
      "transform_matrix": [
        [
          -0.10453806407971929,
          -0.348344235525665,
          0.9315192337524996,
          3.2058908595400344
        ],
        [
          0.9615724512781116,
          0.20369535895129276,
          0.18408318426133047,
          0.19777758270253068
        ],
        [
          -0.2538704599202345,
          0.9149669356955571,
          0.31366430338043316,
          1.0080221265869582
        ],
        [
          0.0,
          0.0,
          0.0,
          1.0
        ]
      ]
    },
    {
      "file_path": "./images/0004",
      "sharpness": 19.267019610103596,
      "transform_matrix": [
        [
          -0.35473047541248515,
          -0.28823541854367646,
          0.8894305118862308,
          2.737419140137791
        ],
        [
          0.9156744842082547,
          0.08516041925905979,
          0.39279504062029846,
          0.4521111036125011
        ],
        [
          -0.18896171835076916,
          0.9537651949929399,
          0.23372082110074974,
          0.4820738830527494
        ],
        [
          0.0,
          0.0,
          0.0,
          1.0
        ]
      ]
    },
    {
      "file_path": "./images/0011",
      "sharpness": 151.1985376414014,
      "transform_matrix": [
        [
          -0.9575298561350347,
          0.13341773598181336,
          -0.2556108102884964,
          -1.9552645115730787
        ],
        [
          -0.27487454718713056,
          -0.15467966104364844,
          0.9489566695764062,
          3.7426233346951836
        ],
        [
          0.08706987577907696,
          0.9789147042426501,
          0.18478330965067677,
          1.0514374544690712
        ],
        [
          0.0,
          0.0,
          0.0,
          1.0
        ]
      ]
    },
    {
      "file_path": "./images/0002",
      "sharpness": 199.2159551692172,
      "transform_matrix": [
        [
          -0.11968695475043623,
          -0.33920727312874077,
          0.9330666944071924,
          3.332226960115101
        ],
        [
          0.9589790040439609,
          0.20375698002473264,
          0.19708465378285453,
          0.3771215384719614
        ],
        [
          -0.25697139942714503,
          0.9183798333329388,
          0.3009056016615197,
          1.4046427170793383
        ],
        [
          0.0,
          0.0,
          0.0,
          1.0
        ]
      ]
    },
    {
      "file_path": "./images/0003",
      "sharpness": 209.08576895879395,
      "transform_matrix": [
        [
          -0.17328994464167152,
          -0.32290336211251325,
          0.9304321651089159,
          3.1220426119521116
        ],
        [
          0.9556587759387026,
          0.17325467621462262,
          0.23811577259054564,
          0.4110956604747578
        ],
        [
          -0.23809010704483116,
          0.9304387330464655,
          0.278562138537645,
          0.9310414786110925
        ],
        [
          0.0,
          0.0,
          0.0,
          1.0
        ]
      ]
    },
    {
      "file_path": "./images/0009",
      "sharpness": 27.29775070676869,
      "transform_matrix": [
        [
          -0.9978257725828623,
          0.039929305968464376,
          0.05243958745069261,
          -0.10250312967148878
        ],
        [
          0.045970391781553856,
          -0.14854550897326216,
          0.9878367556732679,
          4.173166730931236
        ],
        [
          0.047233305828208075,
          0.9880991673951806,
          0.14638676891105595,
          0.6984919914044028
        ],
        [
          0.0,
          0.0,
          0.0,
          1.0
        ]
      ]
    },
    {
      "file_path": "./images/0005",
      "sharpness": 101.55266964042674,
      "transform_matrix": [
        [
          -0.6034638773324412,
          -0.23318078024075903,
          0.7625339705979227,
          2.882587871285463
        ],
        [
          0.7896807332850587,
          -0.0421073667784206,
          0.612071314064315,
          1.693902914021855
        ],
        [
          -0.11061496917094915,
          0.9715213271344846,
          0.2095486524334297,
          0.9149292277146945
        ],
        [
          0.0,
          0.0,
          0.0,
          1.0
        ]
      ]
    },
    {
      "file_path": "./images/0016",
      "sharpness": 37.55186446745865,
      "transform_matrix": [
        [
          -0.2127286985271844,
          0.45589426169463676,
          -0.8642385803848986,
          -3.1533562888814988
        ],
        [
          -0.8964387112022092,
          0.26086013788632834,
          0.3582609180637807,
          3.4121907600422583
        ],
        [
          0.38877440447500894,
          0.8509480825047175,
          0.3531882985248457,
          0.9628058247173861
        ],
        [
          0.0,
          0.0,
          0.0,
          1.0
        ]
      ]
    },
    {
      "file_path": "./images/0007",
      "sharpness": 98.00995666414231,
      "transform_matrix": [
        [
          -0.9019857429400909,
          -0.05852378413112259,
          0.42778054659557624,
          1.8795017450077274
        ],
        [
          0.43170153673381684,
          -0.13926064837173488,
          0.8912013226548721,
          3.36677110767461
        ],
        [
          0.007416530791513422,
          0.9885248288227618,
          0.15087614026611543,
          0.7284634973777883
        ],
        [
          0.0,
          0.0,
          0.0,
          1.0
        ]
      ]
    },
    {
      "file_path": "./images/0006",
      "sharpness": 117.67881091497998,
      "transform_matrix": [
        [
          -0.7904373206778327,
          -0.13276952261503538,
          0.597980507223991,
          2.5348313049001123
        ],
        [
          0.6115273357725932,
          -0.11486154681919102,
          0.7828414637507194,
          2.7012262263801037
        ],
        [
          -0.03525251561095047,
          0.9844688824855289,
          0.1719832375774358,
          0.6827284761437976
        ],
        [
          0.0,
          0.0,
          0.0,
          1.0
        ]
      ]
    },
    {
      "file_path": "./images/0014",
      "sharpness": 144.70618222325444,
      "transform_matrix": [
        [
          -0.659556412094936,
          0.23584643282080328,
          -0.7136963303164794,
          -2.785330481941934
        ],
        [
          -0.7335588764197294,
          0.00512862942371518,
          0.6796070101141152,
          3.40372214375491
        ],
        [
          0.16394318072276115,
          0.9717768401679985,
          0.16962441666005357,
          0.6134172648854473
        ],
        [
          0.0,
          0.0,
          0.0,
          1.0
        ]
      ]
    },
    {
      "file_path": "./images/0015",
      "sharpness": 79.3664493486569,
      "transform_matrix": [
        [
          -0.4543728587333805,
          0.3861603682194359,
          -0.8027620793159725,
          -2.46185969385943
        ],
        [
          -0.8156451299835685,
          0.18195997514545104,
          0.5491947938982664,
          3.4881951948756242
        ],
        [
          0.35814773869452504,
          0.9043068878077412,
          0.23229162946678322,
          0.5096246199583535
        ],
        [
          0.0,
          0.0,
          0.0,
          1.0
        ]
      ]
    },
    {
      "file_path": "./images/0012",
      "sharpness": 110.08770214840405,
      "transform_matrix": [
        [
          -0.8637888988076966,
          0.17856706856572058,
          -0.4711516262046669,
          -3.024738383484517
        ],
        [
          -0.495047386939274,
          -0.1266986034978016,
          0.8595794356681783,
          3.555158894025468
        ],
        [
          0.09379838329000299,
          0.9757363561956045,
          0.19783954807291904,
          0.9264592009351308
        ],
        [
          0.0,
          0.0,
          0.0,
          1.0
        ]
      ]
    }
  ]
}