{
  "camera_angle_x": 0.8924855184725351,
  "camera_angle_y": 0.896634270859757,
  "fl_x": 752.462,
  "fl_y": 748.47,
  "k1": -0.00272276,
  "k2": -0.0113883,
  "p1": 7.10495e-05,
  "p2": 0.00203313,
  "cx": 344.344,
  "cy": 398.121,
  "w": 720.0,
  "h": 720.0,
  "aabb_scale": 16,
  "frames": [
    {
      "file_path": "./data/mydata/images/0046.jpg",
      "sharpness": 119.23672602389101,
      "transform_matrix": [
        [
          0.9964855523043258,
          0.03897697284087424,
          -0.07414235023791488,
          -1.523947107276893
        ],
        [
          -0.08157143356677017,
          0.2503904300386044,
          -0.96470227478016,
          -3.7993078498075707
        ],
        [
          -0.019036672640550603,
          0.9673600194094805,
          0.25268991822236997,
          1.7656127124855243
        ],
        [
          0.0,
          0.0,
          0.0,
          1.0
        ]
      ]
    },
    {
      "file_path": "./data/mydata/images/0018.jpg",
      "sharpness": 73.80100297633507,
      "transform_matrix": [
        [
          -0.9984073800364495,
          -0.02832679788436788,
          0.04879153849250552,
          0.577829053115579
        ],
        [
          0.054955742553107596,
          -0.29265457709407733,
          0.9546378785276389,
          3.8897363793243054
        ],
        [
          -0.012762755696007542,
          0.9557985892212154,
          0.29374508242668557,
          0.9593135882487358
        ],
        [
          0.0,
          0.0,
          0.0,
          1.0
        ]
      ]
    },
    {
      "file_path": "./data/mydata/images/0029.jpg",
      "sharpness": 100.83870836534959,
      "transform_matrix": [
        [
          -0.5038588846744531,
          0.2651637635259604,
          -0.8220787636468576,
          -3.052096881789689
        ],
        [
          -0.8637628075551249,
          -0.14777762758983137,
          0.48174130231307344,
          1.7461335206009363
        ],
        [
          0.006255432833385546,
          0.9528115406487716,
          0.30349799109621456,
          1.1963018521977034
        ],
        [
          0.0,
          0.0,
          0.0,
          1.0
        ]
      ]
    },
    {
      "file_path": "./data/mydata/images/0023.jpg",
      "sharpness": 83.5074464350743,
      "transform_matrix": [
        [
          -0.9148099449608176,
          0.11118365336606179,
          -0.3882813460411863,
          -1.3700389066937995
        ],
        [
          -0.4037837539634874,
          -0.27343948272113433,
          0.8730354858663192,
          3.7908908397011536
        ],
        [
          -0.009104101357073046,
          0.9554419152603429,
          0.29503876956544345,
          1.0944367325615334
        ],
        [
          0.0,
          0.0,
          0.0,
          1.0
        ]
      ]
    },
    {
      "file_path": "./data/mydata/images/0011.jpg",
      "sharpness": 120.4479419870933,
      "transform_matrix": [
        [
          -0.7092072541889517,
          -0.2554505298751561,
          0.6570919131817003,
          3.549767635941995
        ],
        [
          0.7045147267355236,
          -0.2222284764306928,
          0.673997912967656,
          2.1026321312534386
        ],
        [
          -0.026148603828487257,
          0.940935411702084,
          0.33757486690906086,
          1.0054957001664402
        ],
        [
          0.0,
          0.0,
          0.0,
          1.0
        ]
      ]
    },
    {
      "file_path": "./data/mydata/images/0044.jpg",
      "sharpness": 94.3847318128035,
      "transform_matrix": [
        [
          0.9585792930766337,
          0.06897566190507617,
          -0.2763478208356481,
          -3.2641420977298
        ],
        [
          -0.2847276764366352,
          0.2575279063544377,
          -0.9233685878469082,
          -3.7426198057912954
        ],
        [
          0.007477318404655112,
          0.963805860788219,
          0.2665001927552631,
          1.6628237244426085
        ],
        [
          0.0,
          0.0,
          0.0,
          1.0
        ]
      ]
    },
    {
      "file_path": "./data/mydata/images/0019.jpg",
      "sharpness": 94.97642697067367,
      "transform_matrix": [
        [
          -0.9999838490085575,
          -0.002650332465316582,
          -0.004888863230406225,
          0.35296608181727396
        ],
        [
          -0.003889264494829758,
          -0.29505009403855575,
          0.9554731583621955,
          3.725803890376786
        ],
        [
          -0.0039748292158408045,
          0.9554779911748355,
          0.29503557295086585,
          0.9580631300385308
        ],
        [
          0.0,
          0.0,
          0.0,
          1.0
        ]
      ]
    },
    {
      "file_path": "./data/mydata/images/0047.jpg",
      "sharpness": 77.37852908069463,
      "transform_matrix": [
        [
          0.9985119235284952,
          0.02044504244848091,
          0.05056946402825476,
          -0.6431710357267336
        ],
        [
          0.04383949497358893,
          0.25083406273521436,
          -0.9670376004096473,
          -3.5937656638053705
        ],
        [
          -0.032455473584385934,
          0.9678142321812295,
          0.24956416351376523,
          1.491931035810435
        ],
        [
          0.0,
          0.0,
          0.0,
          1.0
        ]
      ]
    },
    {
      "file_path": "./data/mydata/images/0049.jpg",
      "sharpness": 80.85838874063698,
      "transform_matrix": [
        [
          0.9384155869604253,
          -0.03107848538893574,
          0.3441079036821651,
          0.6672666374373756
        ],
        [
          0.34130271217188474,
          0.23830721504908575,
          -0.9092425774004194,
          -3.428175340468521
        ],
        [
          -0.053745526086942975,
          0.9706924297087667,
          0.23423839188847953,
          1.5977405620910827
        ],
        [
          0.0,
          0.0,
          0.0,
          1.0
        ]
      ]
    },
    {
      "file_path": "./data/mydata/images/0012.jpg",
      "sharpness": 58.74148276343743,
      "transform_matrix": [
        [
          -0.7937448281698536,
          -0.20903232200172975,
          0.5712046469875988,
          2.900989406125818
        ],
        [
          0.6080018108074304,
          -0.24579003856922635,
          0.754931233416369,
          2.900912258673033
        ],
        [
          -0.017408613084061227,
          0.9465161233379711,
          0.3221865482834706,
          1.027373378966883
        ],
        [
          0.0,
          0.0,
          0.0,
          1.0
        ]
      ]
    },
    {
      "file_path": "./data/mydata/images/0031.jpg",
      "sharpness": 70.66661265051059,
      "transform_matrix": [
        [
          -0.27699516247380584,
          0.3176005140810043,
          -0.9068637847952942,
          -3.011923501871581
        ],
        [
          -0.959373132194275,
          -0.03874561833347709,
          0.2794643424412484,
          0.753494671062774
        ],
        [
          0.05362095084017916,
          0.9474325691891274,
          0.3154303438684061,
          1.2948325311795645
        ],
        [
          0.0,
          0.0,
          0.0,
          1.0
        ]
      ]
    },
    {
      "file_path": "./data/mydata/images/0041.jpg",
      "sharpness": 106.31976064761233,
      "transform_matrix": [
        [
          0.8321566062574489,
          0.17041259441423354,
          -0.5277097615682466,
          -3.2011447763555854
        ],
        [
          -0.554508026182317,
          0.26640859938052003,
          -0.7883844065923769,
          -3.6434280630981886
        ],
        [
          0.006236006834753519,
          0.9486760633375882,
          0.31618801463658996,
          1.5440831594403972
        ],
        [
          0.0,
          0.0,
          0.0,
          1.0
        ]
      ]
    },
    {
      "file_path": "./data/mydata/images/0048.jpg",
      "sharpness": 58.711352237620844,
      "transform_matrix": [
        [
          0.9804103702568749,
          -0.0038638435246426826,
          0.19693244272521682,
          -0.2783721297139491
        ],
        [
          0.19207080854509653,
          0.24036453513320477,
          -0.9514912135124586,
          -3.8755034324894773
        ],
        [
          -0.043658857255664624,
          0.9706750849664453,
          0.23639757201763897,
          1.6744907847434018
        ],
        [
          0.0,
          0.0,
          0.0,
          1.0
        ]
      ]
    },
    {
      "file_path": "./data/mydata/images/0043.jpg",
      "sharpness": 78.53617955709817,
      "transform_matrix": [
        [
          0.9434499636599004,
          0.07999781491011243,
          -0.3217154474881316,
          -1.9232464331492352
        ],
        [
          -0.33119524997926586,
          0.2698878246252679,
          -0.9041396839063053,
          -4.063714340428724
        ],
        [
          0.014497723595575223,
          0.9595628014170526,
          0.28112101663292405,
          1.2227680546317221
        ],
        [
          0.0,
          0.0,
          0.0,
          1.0
        ]
      ]
    },
    {
      "file_path": "./data/mydata/images/0036.jpg",
      "sharpness": 58.413504317043305,
      "transform_matrix": [
        [
          0.14242455508786697,
          0.39192094219641366,
          -0.9089093921219497,
          -3.2833797026534066
        ],
        [
          -0.9855964937571824,
          0.14076465764574064,
          -0.0937436914776907,
          -0.2625267530818818
        ],
        [
          0.09120228797012335,
          0.9091665085064553,
          0.40632308304935877,
          1.0308582848659007
        ],
        [
          0.0,
          0.0,
          0.0,
          1.0
        ]
      ]
    },
    {
      "file_path": "./data/mydata/images/0051.jpg",
      "sharpness": 79.01496433256172,
      "transform_matrix": [
        [
          0.7691266713155888,
          -0.07903287076642022,
          0.6341904354151582,
          1.914990085273507
        ],
        [
          0.6349151085245998,
          0.20781132779669975,
          -0.7441080534847888,
          -2.9173970630469404
        ],
        [
          -0.07298307743037304,
          0.9749708744780533,
          0.210012496937135,
          1.5230145398853336
        ],
        [
          0.0,
          0.0,
          0.0,
          1.0
        ]
      ]
    },
    {
      "file_path": "./data/mydata/images/0033.jpg",
      "sharpness": 20.467078446368106,
      "transform_matrix": [
        [
          -0.057583918553627676,
          0.37111280392410406,
          -0.9268012821934226,
          -2.8595754766801855
        ],
        [
          -0.9924849380177247,
          0.0791257060028304,
          0.09334874235518811,
          0.5737491955297389
        ],
        [
          0.10797674372901611,
          0.9252105618279945,
          0.3637670400896602,
          1.2152213092776685
        ],
        [
          0.0,
          0.0,
          0.0,
          1.0
        ]
      ]
    },
    {
      "file_path": "./data/mydata/images/0032.jpg",
      "sharpness": 23.005142739039737,
      "transform_matrix": [
        [
          -0.15572142889283025,
          0.3416935213894633,
          -0.9268225668036195,
          -2.908906534075345
        ],
        [
          -0.9844809956168924,
          0.023198498980672774,
          0.17396162351739455,
          0.8986806453371967
        ],
        [
          0.08094256703939957,
          0.9395253365330806,
          0.3327769417364908,
          1.1163013290535981
        ],
        [
          0.0,
          0.0,
          0.0,
          1.0
        ]
      ]
    },
    {
      "file_path": "./data/mydata/images/0054.jpg",
      "sharpness": 27.14816522785192,
      "transform_matrix": [
        [
          0.3604062471586059,
          -0.13607170130257848,
          0.9228174655305587,
          3.6647343973734587
        ],
        [
          0.9282468072981512,
          0.14989935532314533,
          -0.34042366220590725,
          -0.9582550453173311
        ],
        [
          -0.09200760930739293,
          0.9792929763660588,
          0.18033275315877073,
          0.870504521612329
        ],
        [
          0.0,
          0.0,
          0.0,
          1.0
        ]
      ]
    },
    {
      "file_path": "./data/mydata/images/0037.jpg",
      "sharpness": 14.45252322768642,
      "transform_matrix": [
        [
          0.25648677777117257,
          0.3610154274992457,
          -0.8965958009749732,
          -3.4532487294925396
        ],
        [
          -0.9642949837783201,
          0.15888531613256576,
          -0.21187793176306252,
          -0.6909434239083908
        ],
        [
          0.06596477002393004,
          0.9189252107768175,
          0.38887674812393447,
          1.3549122023688918
        ],
        [
          0.0,
          0.0,
          0.0,
          1.0
        ]
      ]
    },
    {
      "file_path": "./data/mydata/images/0038.jpg",
      "sharpness": 72.29446784621827,
      "transform_matrix": [
        [
          0.42565229627076573,
          0.31293117321207625,
          -0.8490548301945411,
          -3.5686495360104153
        ],
        [
          -0.9041974032299356,
          0.18370645397985957,
          -0.3855890254999468,
          -1.1200159514169818
        ],
        [
          0.035314020388660786,
          0.9318401189901325,
          0.361146662458429,
          1.7592628527876881
        ],
        [
          0.0,
          0.0,
          0.0,
          1.0
        ]
      ]
    },
    {
      "file_path": "./data/mydata/images/0055.jpg",
      "sharpness": 49.33699526604592,
      "transform_matrix": [
        [
          0.26498245598372877,
          -0.14230439193826008,
          0.9536947230434698,
          4.434720296787202
        ],
        [
          0.9605627314632068,
          0.12540566996169042,
          -0.24817845526232044,
          0.43961788621519243
        ],
        [
          -0.08428190751401501,
          0.9818466459589323,
          0.1699226083258241,
          0.47532154622382855
        ],
        [
          0.0,
          0.0,
          0.0,
          1.0
        ]
      ]
    },
    {
      "file_path": "./data/mydata/images/0034.jpg",
      "sharpness": 24.722266527583542,
      "transform_matrix": [
        [
          -0.02719888805233043,
          0.4153439822838245,
          -0.9092588069439594,
          -2.8588365914663267
        ],
        [
          -0.9907086725859504,
          0.11005810590796061,
          0.07990920899031116,
          0.14418587111152428
        ],
        [
          0.13326112834029655,
          0.9029822268942904,
          0.40849064874319274,
          1.0938108213136872
        ],
        [
          0.0,
          0.0,
          0.0,
          1.0
        ]
      ]
    },
    {
      "file_path": "./data/mydata/images/0009.jpg",
      "sharpness": 30.73518854236623,
      "transform_matrix": [
        [
          -0.5011307483517208,
          -0.35378481529470884,
          0.7897495687542023,
          3.6339598828085435
        ],
        [
          0.8619100450213264,
          -0.1225085794543547,
          0.49203945826677165,
          1.18129600620164
        ],
        [
          -0.07732497874267702,
          0.9272690987338953,
          0.36632344879430173,
          1.2829680626526871
        ],
        [
          0.0,
          0.0,
          0.0,
          1.0
        ]
      ]
    },
    {
      "file_path": "./data/mydata/images/0052.jpg",
      "sharpness": 65.66580247449046,
      "transform_matrix": [
        [
          0.650665351605942,
          -0.1019381245387689,
          0.7524917524083916,
          2.347507647404188
        ],
        [
          0.7551702110082218,
          0.19087849339162158,
          -0.627123564844057,
          -1.5684654423524231
        ],
        [
          -0.07970650883912127,
          0.9763063556780024,
          0.2011785353102107,
          1.0959610210654125
        ],
        [
          0.0,
          0.0,
          0.0,
          1.0
        ]
      ]
    },
    {
      "file_path": "./data/mydata/images/0039.jpg",
      "sharpness": 40.44325601493138,
      "transform_matrix": [
        [
          0.5827750733343425,
          0.2746841981897591,
          -0.7648015778255803,
          -3.6342834792113896
        ],
        [
          -0.8125090629907648,
          0.2134135884692277,
          -0.5424788590373657,
          -2.1860264911288967
        ],
        [
          0.014208654464762976,
          0.9375517000830801,
          0.34755563778935505,
          1.669130366487612
        ],
        [
          0.0,
          0.0,
          0.0,
          1.0
        ]
      ]
    },
    {
      "file_path": "./data/mydata/images/0010.jpg",
      "sharpness": 139.07528532628515,
      "transform_matrix": [
        [
          -0.6122295327370931,
          -0.30543746144236017,
          0.7293031212906417,
          3.594428540088565
        ],
        [
          0.7892075909363615,
          -0.17979491305734108,
          0.5872182348804046,
          1.7869629437175352
        ],
        [
          -0.048233449397194976,
          0.9350838305091052,
          0.35112927420121387,
          1.0659294599261324
        ],
        [
          0.0,
          0.0,
          0.0,
          1.0
        ]
      ]
    },
    {
      "file_path": "./data/mydata/images/0008.jpg",
      "sharpness": 69.15431079674983,
      "transform_matrix": [
        [
          -0.35880051801465573,
          -0.38133936053020967,
          0.8519638583261934,
          3.2782483281993
        ],
        [
          0.9283330033935167,
          -0.050679320742653224,
          0.36827893552834107,
          0.537409937422379
        ],
        [
          -0.09726231435904106,
          0.923044895050314,
          0.37219371516063665,
          1.1742960400352276
        ],
        [
          0.0,
          0.0,
          0.0,
          1.0
        ]
      ]
    },
    {
      "file_path": "./data/mydata/images/0006.jpg",
      "sharpness": 166.45729307314514,
      "transform_matrix": [
        [
          -0.14580144401634,
          -0.40994051584224495,
          0.9003836455518176,
          3.7302140264424715
        ],
        [
          0.9799346056778563,
          0.06518144658079855,
          0.18836014713005408,
          0.2461593116070071
        ],
        [
          -0.1359047662294702,
          0.9097802758772333,
          0.3922113500131805,
          1.0644113472444239
        ],
        [
          0.0,
          0.0,
          0.0,
          1.0
        ]
      ]
    },
    {
      "file_path": "./data/mydata/images/0017.jpg",
      "sharpness": 124.42832654398013,
      "transform_matrix": [
        [
          -0.9910940488660591,
          -0.049994591092956335,
          0.1234221264259745,
          1.3631778216185668
        ],
        [
          0.13256459827909978,
          -0.2826264643977458,
          0.9500256862250824,
          3.9766658368041035
        ],
        [
          -0.012613789430732674,
          0.9579263045811587,
          0.28673696245415453,
          1.0871988006584181
        ],
        [
          0.0,
          0.0,
          0.0,
          1.0
        ]
      ]
    },
    {
      "file_path": "./data/mydata/images/0025.jpg",
      "sharpness": 123.93612353893687,
      "transform_matrix": [
        [
          -0.8159937093307005,
          0.1543222556210877,
          -0.5570810629941538,
          -2.524089440331628
        ],
        [
          -0.577979693442493,
          -0.23398704309126694,
          0.7817863756072465,
          3.218343191683666
        ],
        [
          -0.009702692653008198,
          0.9599139328823297,
          0.2801269407160076,
          1.1521218761622312
        ],
        [
          0.0,
          0.0,
          0.0,
          1.0
        ]
      ]
    },
    {
      "file_path": "./data/mydata/images/0005.jpg",
      "sharpness": 166.04208332903175,
      "transform_matrix": [
        [
          -0.09639090547372357,
          -0.4245649241764821,
          0.9002518648777011,
          3.731683642540728
        ],
        [
          0.9839966330898261,
          0.0955343053424303,
          0.1504121756652838,
          0.327151020386105
        ],
        [
          -0.14986467035912007,
          0.9003431697848046,
          0.40856181773177314,
          1.1507035084515225
        ],
        [
          0.0,
          0.0,
          0.0,
          1.0
        ]
      ]
    },
    {
      "file_path": "./data/mydata/images/0022.jpg",
      "sharpness": 190.7503157016247,
      "transform_matrix": [
        [
          -0.9592377254777632,
          0.08389294898766357,
          -0.2698604006770462,
          -1.0091454843168746
        ],
        [
          -0.28259909222513807,
          -0.28694023007630876,
          0.9153156491403638,
          3.699541660304103
        ],
        [
          -0.0006452909624781566,
          0.9542679015887872,
          0.29895208987084115,
          1.221881124919195
        ],
        [
          0.0,
          0.0,
          0.0,
          1.0
        ]
      ]
    },
    {
      "file_path": "./data/mydata/images/0004.jpg",
      "sharpness": 160.3469667661984,
      "transform_matrix": [
        [
          -0.06013884105714547,
          -0.4309329110733637,
          0.9003777784326552,
          3.7754702424047184
        ],
        [
          0.9863347341064869,
          0.11295174690499496,
          0.1199403800599138,
          0.327186872390212
        ],
        [
          -0.15338549933120948,
          0.895286952582714,
          0.4182513113839276,
          1.23977683797698
        ],
        [
          0.0,
          0.0,
          0.0,
          1.0
        ]
      ]
    },
    {
      "file_path": "./data/mydata/images/0042.jpg",
      "sharpness": 150.49759910763828,
      "transform_matrix": [
        [
          0.9018785243864645,
          0.12058135031360712,
          -0.414820165819792,
          -2.627686591498019
        ],
        [
          -0.43186251277001647,
          0.2750226304923721,
          -0.8589865131263597,
          -3.8377477389560033
        ],
        [
          0.010507223826284212,
          0.9538462859109965,
          0.3001114227947571,
          1.3775379203158091
        ],
        [
          0.0,
          0.0,
          0.0,
          1.0
        ]
      ]
    },
    {
      "file_path": "./data/mydata/images/0020.jpg",
      "sharpness": 158.22332185570613,
      "transform_matrix": [
        [
          -0.9953371905440854,
          0.024412177235890953,
          -0.09331657156986953,
          0.36224311128262293
        ],
        [
          -0.09636250967888232,
          -0.29445507843300633,
          0.950794684757243,
          3.659082409225239
        ],
        [
          -0.0042665677159577555,
          0.9553534748779955,
          0.29543448557937124,
          1.0093625542388962
        ],
        [
          0.0,
          0.0,
          0.0,
          1.0
        ]
      ]
    },
    {
      "file_path": "./data/mydata/images/0002.jpg",
      "sharpness": 246.76852334988695,
      "transform_matrix": [
        [
          -0.04576247263667162,
          -0.4377708354065653,
          0.8979212068590976,
          3.8091399529942165
        ],
        [
          0.9868990584626205,
          0.11939891534356696,
          0.10850874586578493,
          0.11876140896905588
        ],
        [
          -0.15471278324215929,
          0.8911232215949654,
          0.42657163535956377,
          1.1143963172820088
        ],
        [
          0.0,
          0.0,
          0.0,
          1.0
        ]
      ]
    },
    {
      "file_path": "./data/mydata/images/0026.jpg",
      "sharpness": 156.07607757439428,
      "transform_matrix": [
        [
          -0.7445733182014531,
          0.1800599601233387,
          -0.6427996546828139,
          -2.4950544178918164
        ],
        [
          -0.6674163199921135,
          -0.21952128445886065,
          0.7115955698412285,
          3.0138471176214403
        ],
        [
          -0.012978195180239726,
          0.9588478142212035,
          0.28362379135186555,
          1.1833758195030561
        ],
        [
          0.0,
          0.0,
          0.0,
          1.0
        ]
      ]
    },
    {
      "file_path": "./data/mydata/images/0001.jpg",
      "sharpness": 264.5958766275707,
      "transform_matrix": [
        [
          -0.04113004920626528,
          -0.4390812361874192,
          0.8975054225903039,
          3.760800349980183
        ],
        [
          0.9874720802214632,
          0.1190934727374186,
          0.10351634891631085,
          0.11811965865824847
        ],
        [
          -0.15233912258565532,
          0.8905191803039431,
          0.42868214189916176,
          1.1176344180739295
        ],
        [
          0.0,
          0.0,
          0.0,
          1.0
        ]
      ]
    },
    {
      "file_path": "./data/mydata/images/0007.jpg",
      "sharpness": 149.878539003424,
      "transform_matrix": [
        [
          -0.24274474955551975,
          -0.39336544362728254,
          0.8867573509599314,
          3.656967706312759
        ],
        [
          0.9625554142106889,
          0.01604125847506064,
          0.2706099355019429,
          0.2659001035895356
        ],
        [
          -0.12067330453924674,
          0.9192422427655451,
          0.3747421141540393,
          0.8222911859567871
        ],
        [
          0.0,
          0.0,
          0.0,
          1.0
        ]
      ]
    },
    {
      "file_path": "./data/mydata/images/0015.jpg",
      "sharpness": 30.861070032968104,
      "transform_matrix": [
        [
          -0.9445814573709262,
          -0.10418909076145257,
          0.3113053889038125,
          1.848065694453055
        ],
        [
          0.3281922433150751,
          -0.27804546271187336,
          0.9027630397136995,
          3.151529360643311
        ],
        [
          -0.007500997977707176,
          0.954900757104079,
          0.29683040737843236,
          0.8893342743415076
        ],
        [
          0.0,
          0.0,
          0.0,
          1.0
        ]
      ]
    },
    {
      "file_path": "./data/mydata/images/0030.jpg",
      "sharpness": 76.95935551777535,
      "transform_matrix": [
        [
          -0.4062141800877335,
          0.2909638892332901,
          -0.8662157828712963,
          -3.157721441909345
        ],
        [
          -0.9133157450893624,
          -0.09914054419356222,
          0.39500029373802553,
          1.0380982661976736
        ],
        [
          0.029053703732757192,
          0.9515834867221705,
          0.3060142931136979,
          1.539692898944535
        ],
        [
          0.0,
          0.0,
          0.0,
          1.0
        ]
      ]
    },
    {
      "file_path": "./data/mydata/images/0035.jpg",
      "sharpness": 32.15178393364541,
      "transform_matrix": [
        [
          0.02517350574004161,
          0.4089216946033447,
          -0.9122199649099364,
          -3.2122168397607904
        ],
        [
          -0.9911122958617181,
          0.12942895382030847,
          0.03066861883333044,
          0.26490568512049867
        ],
        [
          0.13060870125036458,
          0.9033440994897287,
          0.4085470885606753,
          1.0910746141469474
        ],
        [
          0.0,
          0.0,
          0.0,
          1.0
        ]
      ]
    },
    {
      "file_path": "./data/mydata/images/0016.jpg",
      "sharpness": 104.1841781254763,
      "transform_matrix": [
        [
          -0.9690981380132511,
          -0.07354660622697053,
          0.23545511700295543,
          1.7728804785729404
        ],
        [
          0.24666320510652712,
          -0.2798700576723104,
          0.9278089456827154,
          3.647382486170806
        ],
        [
          -0.0023403724535601385,
          0.957216559857247,
          0.28936303856471973,
          0.8904681894867165
        ],
        [
          0.0,
          0.0,
          0.0,
          1.0
        ]
      ]
    },
    {
      "file_path": "./data/mydata/images/0053.jpg",
      "sharpness": 39.357940654735216,
      "transform_matrix": [
        [
          0.5030921593608565,
          -0.1199355327142169,
          0.855870249890296,
          3.1220065728432984
        ],
        [
          0.8599129482802926,
          0.16836259143430726,
          -0.48187538954469905,
          -1.322864139483128
        ],
        [
          -0.0863025018581989,
          0.9784015174198151,
          0.1878359940064989,
          1.2152301309413132
        ],
        [
          0.0,
          0.0,
          0.0,
          1.0
        ]
      ]
    },
    {
      "file_path": "./data/mydata/images/0045.jpg",
      "sharpness": 80.66296667510609,
      "transform_matrix": [
        [
          0.9825060606073496,
          0.05354520108939204,
          -0.17836922010701126,
          -2.4434143740516956
        ],
        [
          -0.18613810921551516,
          0.2518005646749325,
          -0.9497104381278879,
          -4.290681788270042
        ],
        [
          -0.005938867815232789,
          0.9662967737091814,
          0.2573621681101954,
          1.7972742442573884
        ],
        [
          0.0,
          0.0,
          0.0,
          1.0
        ]
      ]
    },
    {
      "file_path": "./data/mydata/images/0014.jpg",
      "sharpness": 86.38126680955278,
      "transform_matrix": [
        [
          -0.9072656623951442,
          -0.13392890048701098,
          0.398663287709372,
          2.205035277498507
        ],
        [
          0.42048064586490425,
          -0.27064225720601554,
          0.8659960392785067,
          3.0122726301015628
        ],
        [
          -0.008086758585828708,
          0.9533183562276317,
          0.3018587824874644,
          0.9216524236779677
        ],
        [
          0.0,
          0.0,
          0.0,
          1.0
        ]
      ]
    },
    {
      "file_path": "./data/mydata/images/0013.jpg",
      "sharpness": 72.77989387990694,
      "transform_matrix": [
        [
          -0.8491824893975739,
          -0.16579563405070408,
          0.501399466938271,
          2.5245594935433617
        ],
        [
          0.5280735139800627,
          -0.25707425896312736,
          0.8093526434071295,
          3.1192707910364557
        ],
        [
          -0.00529023162001301,
          0.9520634157319625,
          0.305855001487053,
          0.9867148904445622
        ],
        [
          0.0,
          0.0,
          0.0,
          1.0
        ]
      ]
    },
    {
      "file_path": "./data/mydata/images/0024.jpg",
      "sharpness": 66.78570585441852,
      "transform_matrix": [
        [
          -0.8658416717165873,
          0.1349823750324959,
          -0.48176414058408557,
          -2.309705874310561
        ],
        [
          -0.5001633620372932,
          -0.25737538218083367,
          0.8267969908359017,
          3.226961441760543
        ],
        [
          -0.012391277459788989,
          0.9568372352896424,
          0.2903600358493099,
          1.0154925144844187
        ],
        [
          0.0,
          0.0,
          0.0,
          1.0
        ]
      ]
    },
    {
      "file_path": "./data/mydata/images/0050.jpg",
      "sharpness": 130.92539934511447,
      "transform_matrix": [
        [
          0.8742735610083887,
          -0.057362489193932394,
          0.4820338550293708,
          1.328495961411847
        ],
        [
          0.481726124597494,
          0.22503436888909273,
          -0.8469361488259946,
          -2.9592156832854815
        ],
        [
          -0.059891533151696284,
          0.9726608908558182,
          0.22437430149886392,
          1.343650208261808
        ],
        [
          0.0,
          0.0,
          0.0,
          1.0
        ]
      ]
    },
    {
      "file_path": "./data/mydata/images/0021.jpg",
      "sharpness": 147.5884583909023,
      "transform_matrix": [
        [
          -0.9818256524327431,
          0.05253628952151734,
          -0.1823699231963676,
          -0.49603254404665365
        ],
        [
          -0.1897248032678724,
          -0.29616473360716533,
          0.9361043782747032,
          3.5516458071688137
        ],
        [
          -0.004832068249843084,
          0.9536909674836995,
          0.3007493890450924,
          0.9837753076344403
        ],
        [
          0.0,
          0.0,
          0.0,
          1.0
        ]
      ]
    },
    {
      "file_path": "./data/mydata/images/0028.jpg",
      "sharpness": 127.52803371395234,
      "transform_matrix": [
        [
          -0.611408085210904,
          0.22880061869872217,
          -0.7575189100789844,
          -3.07108272483092
        ],
        [
          -0.7913126103248465,
          -0.173158979151983,
          0.5863827717626755,
          1.9408866766484887
        ],
        [
          0.002993789089297787,
          0.9579492777791065,
          0.2869220393374105,
          1.4334111392490316
        ],
        [
          0.0,
          0.0,
          0.0,
          1.0
        ]
      ]
    },
    {
      "file_path": "./data/mydata/images/0040.jpg",
      "sharpness": 93.57398400151803,
      "transform_matrix": [
        [
          0.718348924031075,
          0.22498703283148574,
          -0.6582958153763535,
          -3.461224243601765
        ],
        [
          -0.6956127312622609,
          0.24558613143259536,
          -0.6751356206751388,
          -2.9754145700833257
        ],
        [
          0.009771391611859529,
          0.9429040455634399,
          0.33292110784629947,
          1.4854614915472568
        ],
        [
          0.0,
          0.0,
          0.0,
          1.0
        ]
      ]
    },
    {
      "file_path": "./data/mydata/images/0003.jpg",
      "sharpness": 79.25548829873911,
      "transform_matrix": [
        [
          -0.05140739310648464,
          -0.4350768770200827,
          0.8989245780975449,
          3.727447026016694
        ],
        [
          0.9862870423095274,
          0.11923255269314101,
          0.1141116558433288,
          0.29005278329859463
        ],
        [
          -0.15682841728055172,
          0.8924638446291484,
          0.4229812504643249,
          1.3085418975870222
        ],
        [
          0.0,
          0.0,
          0.0,
          1.0
        ]
      ]
    },
    {
      "file_path": "./data/mydata/images/0027.jpg",
      "sharpness": 97.90131588961033,
      "transform_matrix": [
        [
          -0.6841902109093102,
          0.20633276181888166,
          -0.6995078944212472,
          -2.901746352165765
        ],
        [
          -0.7292767865526266,
          -0.201866182116722,
          0.653763072662275,
          2.308723672152007
        ],
        [
          -0.006314203918573839,
          0.9574324695138527,
          0.288588293558938,
          1.4609478499351967
        ],
        [
          0.0,
          0.0,
          0.0,
          1.0
        ]
      ]
    }
  ]
}