{
  "camera_angle_x": 0.8900692133653353,
  "camera_angle_y": 0.9006881612023102,
  "fl_x": 838.67,
  "fl_y": 827.336,
  "k1": -0.00102027,
  "k2": -0.0164208,
  "p1": 0.000125091,
  "p2": 0.00124399,
  "cx": 380.216,
  "cy": 434.467,
  "w": 800.0,
  "h": 800.0,
  "aabb_scale": 16,
  "frames": [
    {
      "file_path": "./images/0094",
      "sharpness": 72.62132656249753,
      "transform_matrix": [
        [
          0.9937727837634892,
          0.0026004977907015075,
          0.11140266173837034,
          0.6872902859801502
        ],
        [
          0.10777874894112732,
          0.23149064313372264,
          -0.9668492692118152,
          -4.135795309198334
        ],
        [
          -0.028302709520256163,
          0.9728337213443106,
          0.22976843362200533,
          1.1179969713150766
        ],
        [
          0.0,
          0.0,
          0.0,
          1.0
        ]
      ]
    },
    {
      "file_path": "./images/0092",
      "sharpness": 74.27719711962646,
      "transform_matrix": [
        [
          0.9996834169920249,
          0.023068642490964374,
          -0.010130572348005025,
          0.008073484747842684
        ],
        [
          -0.015252261466767385,
          0.2340610465070051,
          -0.972103155240185,
          -4.28711768760277
        ],
        [
          -0.020053687755987776,
          0.9719482480896594,
          0.23433838192195117,
          1.2655936192802106
        ],
        [
          0.0,
          0.0,
          0.0,
          1.0
        ]
      ]
    },
    {
      "file_path": "./images/0082",
      "sharpness": 67.31702671484376,
      "transform_matrix": [
        [
          0.8430215922697687,
          0.1629915053937932,
          -0.5125899321193996,
          -3.1554324312473545
        ],
        [
          -0.5378656976961353,
          0.2623491683273532,
          -0.8011700690447568,
          -3.1689347751705057
        ],
        [
          0.003893632940477344,
          0.951108137993342,
          0.30883353136346026,
          1.5332852172464841
        ],
        [
          0.0,
          0.0,
          0.0,
          1.0
        ]
      ]
    },
    {
      "file_path": "./images/0060",
      "sharpness": 61.98072304491941,
      "transform_matrix": [
        [
          -0.3961816617314267,
          0.29350190276717264,
          -0.8699976076455725,
          -3.1752991086828204
        ],
        [
          -0.9174042548942628,
          -0.08780514889181443,
          0.3881479236757456,
          1.1267993080329726
        ],
        [
          0.03753184241137114,
          0.9519174214011098,
          0.30404699465798685,
          1.483160650511674
        ],
        [
          0.0,
          0.0,
          0.0,
          1.0
        ]
      ]
    },
    {
      "file_path": "./images/0027",
      "sharpness": 56.21697929882569,
      "transform_matrix": [
        [
          -0.8824346147290045,
          -0.14243893933693574,
          0.44835208211391453,
          2.216896509512153
        ],
        [
          0.470407017467478,
          -0.25690450441773777,
          0.8442254511472196,
          3.052478760541491
        ],
        [
          -0.0050669194116248146,
          0.9558823574541391,
          0.2937060191611457,
          0.9961004875063367
        ],
        [
          0.0,
          0.0,
          0.0,
          1.0
        ]
      ]
    },
    {
      "file_path": "./images/0090",
      "sharpness": 62.441108807802735,
      "transform_matrix": [
        [
          0.9912687860732917,
          0.036883409709023866,
          -0.12659036763092127,
          -0.6855960940758437
        ],
        [
          -0.13172044613858883,
          0.23378624335248616,
          -0.9633239434999387,
          -4.57061872681583
        ],
        [
          -0.005935671126002633,
          0.9715881614724993,
          0.23660347115936725,
          1.3166519379642947
        ],
        [
          0.0,
          0.0,
          0.0,
          1.0
        ]
      ]
    },
    {
      "file_path": "./images/0089",
      "sharpness": 66.43644760717774,
      "transform_matrix": [
        [
          0.9830612233870292,
          0.04404195459972432,
          -0.17790189669558962,
          -1.043405608711747
        ],
        [
          -0.18327235514097312,
          0.23543647670810228,
          -0.9544522155293067,
          -4.691395819190566
        ],
        [
          -0.00015156510911806982,
          0.9708912579845761,
          0.23952059660160463,
          1.2714479867271256
        ],
        [
          0.0,
          0.0,
          0.0,
          1.0
        ]
      ]
    },
    {
      "file_path": "./images/0029",
      "sharpness": 65.92414991186524,
      "transform_matrix": [
        [
          -0.9272289666913,
          -0.11174671013946197,
          0.3574351657967661,
          1.697405303237354
        ],
        [
          0.37446607378591307,
          -0.26459687529432474,
          0.8886869098165945,
          2.9780790015876963
        ],
        [
          -0.004731597423578894,
          0.9578628878759995,
          0.2871869052330749,
          1.0053383495433557
        ],
        [
          0.0,
          0.0,
          0.0,
          1.0
        ]
      ]
    },
    {
      "file_path": "./images/0041",
      "sharpness": 76.08664721716553,
      "transform_matrix": [
        [
          -0.9898014454467098,
          0.04028036030663896,
          -0.13664149029003217,
          -0.3426115499052889
        ],
        [
          -0.1424461553755482,
          -0.29049716351413685,
          0.9462139256956519,
          3.5902295304488034
        ],
        [
          -0.001580114349563737,
          0.9560276865671189,
          0.2932721765296861,
          1.0119812565430515
        ],
        [
          0.0,
          0.0,
          0.0,
          1.0
        ]
      ]
    },
    {
      "file_path": "./images/0097",
      "sharpness": 68.28383368402345,
      "transform_matrix": [
        [
          0.9422472970306783,
          -0.03344919567826395,
          0.3332445823705432,
          1.3293423081839038
        ],
        [
          0.3319970473738391,
          0.22443179108044695,
          -0.9161927262832575,
          -4.189260797271413
        ],
        [
          -0.04414462917090723,
          0.9739155951710944,
          0.2225751105565663,
          1.3146536638729707
        ],
        [
          0.0,
          0.0,
          0.0,
          1.0
        ]
      ]
    },
    {
      "file_path": "./images/0072",
      "sharpness": 50.845214529052726,
      "transform_matrix": [
        [
          0.14541767780057416,
          0.3864907397501991,
          -0.9107590989561003,
          -3.4248164332735174
        ],
        [
          -0.9857360226526477,
          0.13544683648862382,
          -0.09991060291452608,
          -0.060862603054134344
        ],
        [
          0.08474502324407827,
          0.9122935737824652,
          0.40067289147172497,
          1.2144996051763919
        ],
        [
          0.0,
          0.0,
          0.0,
          1.0
        ]
      ]
    },
    {
      "file_path": "./images/0096",
      "sharpness": 64.0374745230371,
      "transform_matrix": [
        [
          0.964231782117373,
          -0.020481911666766307,
          0.26426933522181495,
          0.9661747091284921
        ],
        [
          0.26201362449125637,
          0.22442079494680572,
          -0.9386079574439922,
          -4.412441631848961
        ],
        [
          -0.04008292381201486,
          0.9742770944649084,
          0.22176004024590545,
          1.347381349697547
        ],
        [
          0.0,
          0.0,
          0.0,
          1.0
        ]
      ]
    },
    {
      "file_path": "./images/0098",
      "sharpness": 77.34411326833738,
      "transform_matrix": [
        [
          0.9124536511596528,
          -0.04717947654304573,
          0.406450865344383,
          1.6341707677379902
        ],
        [
          0.40639081286756407,
          0.22027360302135268,
          -0.8867502014152667,
          -3.750269766583896
        ],
        [
          -0.047694010342257724,
          0.9742964775479936,
          0.22016278666256953,
          1.0887711992084983
        ],
        [
          0.0,
          0.0,
          0.0,
          1.0
        ]
      ]
    },
    {
      "file_path": "./images/0088",
      "sharpness": 47.952542594375,
      "transform_matrix": [
        [
          0.9742601258608341,
          0.051092144885373586,
          -0.21955893439290497,
          -1.3716007426813972
        ],
        [
          -0.2253949659155548,
          0.2367429016958873,
          -0.9450657251647196,
          -4.450796562094247
        ],
        [
          0.003693507566459222,
          0.9702279842409239,
          0.2421652479784751,
          1.2167455536785392
        ],
        [
          0.0,
          0.0,
          0.0,
          1.0
        ]
      ]
    },
    {
      "file_path": "./images/0030",
      "sharpness": 70.39804526527345,
      "transform_matrix": [
        [
          -0.9442953675334688,
          -0.09647372436155234,
          0.31463992495528553,
          1.5824600674703917
        ],
        [
          0.32908480200142937,
          -0.26826011794883875,
          0.9053943432883775,
          3.3684241375763855
        ],
        [
          -0.002941434675105674,
          0.9585036176138505,
          0.285065159295915,
          0.8629186810536421
        ],
        [
          0.0,
          0.0,
          0.0,
          1.0
        ]
      ]
    },
    {
      "file_path": "./images/0045",
      "sharpness": 55.70468828314208,
      "transform_matrix": [
        [
          -0.9384411479326217,
          0.09999325273837813,
          -0.33064793831754535,
          -1.1775628039257469
        ],
        [
          -0.34543615633895836,
          -0.27374946209342915,
          0.8976266521810577,
          3.861951241048613
        ],
        [
          -0.0007581583802310251,
          0.9565889218979133,
          0.29143960644120936,
          1.2749559880372243
        ],
        [
          0.0,
          0.0,
          0.0,
          1.0
        ]
      ]
    },
    {
      "file_path": "./images/0101",
      "sharpness": 67.02178411871095,
      "transform_matrix": [
        [
          0.7813470643963997,
          -0.07935888397594718,
          0.619030094002222,
          2.2552979523207237
        ],
        [
          0.6210657567820954,
          0.19650059269442063,
          -0.7587253538189279,
          -3.760075035590392
        ],
        [
          -0.06142834648888083,
          0.9772868656133008,
          0.2028223804135735,
          1.178785528975031
        ],
        [
          0.0,
          0.0,
          0.0,
          1.0
        ]
      ]
    },
    {
      "file_path": "./images/0055",
      "sharpness": 55.477287912399895,
      "transform_matrix": [
        [
          -0.6541592658236135,
          0.2188738987868775,
          -0.7239969414328116,
          -3.0780193780984098
        ],
        [
          -0.7563475406799034,
          -0.1842751723281226,
          0.6276804479814493,
          2.1414691090040185
        ],
        [
          0.003968300482588072,
          0.958194704579588,
          0.2860894526062004,
          1.5189417075121245
        ],
        [
          0.0,
          0.0,
          0.0,
          1.0
        ]
      ]
    },
    {
      "file_path": "./images/0076",
      "sharpness": 44.774935113376465,
      "transform_matrix": [
        [
          0.4525050210525518,
          0.30449916873104405,
          -0.8381654850330211,
          -3.678920427953381
        ],
        [
          -0.8913826878600497,
          0.18188958604228453,
          -0.41515658242858794,
          -0.9681498172709363
        ],
        [
          0.026038854802992957,
          0.9349848457331287,
          0.3537305912843939,
          1.7832262269297592
        ],
        [
          0.0,
          0.0,
          0.0,
          1.0
        ]
      ]
    },
    {
      "file_path": "./images/0032",
      "sharpness": 70.25323824404053,
      "transform_matrix": [
        [
          -0.9710401295825315,
          -0.06770009404781228,
          0.2291222581586689,
          1.5652509870392133
        ],
        [
          0.23891324092061483,
          -0.2716265763970616,
          0.9322760981239456,
          3.7349061100533176
        ],
        [
          -0.0008794985476172554,
          0.9600185260756283,
          0.27993506482310293,
          1.182239783649115
        ],
        [
          0.0,
          0.0,
          0.0,
          1.0
        ]
      ]
    },
    {
      "file_path": "./images/0099",
      "sharpness": 86.11117812280277,
      "transform_matrix": [
        [
          0.8812075588926854,
          -0.059071325753638416,
          0.4690244773776008,
          1.9013411276765013
        ],
        [
          0.4700857786425279,
          0.2142852527046839,
          -0.8562133710776414,
          -3.559152958335218
        ],
        [
          -0.04992734056756781,
          0.9749832929318734,
          0.2165983439742814,
          0.9867231465842604
        ],
        [
          0.0,
          0.0,
          0.0,
          1.0
        ]
      ]
    },
    {
      "file_path": "./images/0061",
      "sharpness": 54.06068430277345,
      "transform_matrix": [
        [
          -0.3306080950893847,
          0.30475571614640506,
          -0.893210869187285,
          -3.0990775341558368
        ],
        [
          -0.942599025236806,
          -0.05949539637187067,
          0.32858903910324533,
          1.0098373182903155
        ],
        [
          0.046997604489347186,
          0.9505707123693389,
          0.30693090750251617,
          1.3850247110905674
        ],
        [
          0.0,
          0.0,
          0.0,
          1.0
        ]
      ]
    },
    {
      "file_path": "./images/0035",
      "sharpness": 87.43001837866213,
      "transform_matrix": [
        [
          -0.9947994545296982,
          -0.037070269051268354,
          0.09486625052873579,
          0.5543893081616976
        ],
        [
          0.10147377220056257,
          -0.28054091963894073,
          0.9544630082177943,
          3.8962436853666014
        ],
        [
          -0.00876834269423235,
          0.9591259302591185,
          0.2828437067909911,
          0.9150357837467757
        ],
        [
          0.0,
          0.0,
          0.0,
          1.0
        ]
      ]
    },
    {
      "file_path": "./images/0087",
      "sharpness": 42.849092103942866,
      "transform_matrix": [
        [
          0.9581464002828642,
          0.06309292473648945,
          -0.27923806982610394,
          -1.6088884406968589
        ],
        [
          -0.2860932811848782,
          0.24598682365620686,
          -0.9260886830028295,
          -4.012793551253172
        ],
        [
          0.01025915314055986,
          0.9672175043544228,
          0.25374206967141855,
          1.2376658528120605
        ],
        [
          0.0,
          0.0,
          0.0,
          1.0
        ]
      ]
    },
    {
      "file_path": "./images/0095",
      "sharpness": 36.79184359741211,
      "transform_matrix": [
        [
          0.9833794601496685,
          -0.008850559224575545,
          0.18134749811586767,
          0.7348761543016958
        ],
        [
          0.17868035381530295,
          0.2244612459495402,
          -0.95796184508462,
          -4.232891422661603
        ],
        [
          -0.0322269203370066,
          0.9744428402756765,
          0.2223119065230327,
          1.2745514300609302
        ],
        [
          0.0,
          0.0,
          0.0,
          1.0
        ]
      ]
    },
    {
      "file_path": "./images/0017",
      "sharpness": 43.01473703163087,
      "transform_matrix": [
        [
          -0.4419677294516687,
          -0.3599784560819642,
          0.8216325277084253,
          3.2916599404431555
        ],
        [
          0.8928553701474766,
          -0.08826196021347148,
          0.4416096544344093,
          0.9768735139110194
        ],
        [
          -0.0864510677962981,
          0.9287762540543162,
          0.3604176494680931,
          1.5250281140243989
        ],
        [
          0.0,
          0.0,
          0.0,
          1.0
        ]
      ]
    },
    {
      "file_path": "./images/0016",
      "sharpness": 48.3617949277124,
      "transform_matrix": [
        [
          -0.3661600452768426,
          -0.37493110143815606,
          0.8516768226084841,
          3.1000383511503316
        ],
        [
          0.9259753934855404,
          -0.05614639840263285,
          0.37338595162586297,
          0.7258410222793468
        ],
        [
          -0.0921754339797583,
          0.9253508659942036,
          0.3677355854150689,
          1.5504470687385834
        ],
        [
          0.0,
          0.0,
          0.0,
          1.0
        ]
      ]
    },
    {
      "file_path": "./images/0073",
      "sharpness": 32.36058593064208,
      "transform_matrix": [
        [
          0.19674298372895194,
          0.3737518487350933,
          -0.9064251371472272,
          -3.5287329972687895
        ],
        [
          -0.9776913925926568,
          0.14418290370520742,
          -0.1527597664846001,
          -0.3250367118455835
        ],
        [
          0.07359693270219898,
          0.9162540610995866,
          0.3937791861637803,
          1.3118949075634243
        ],
        [
          0.0,
          0.0,
          0.0,
          1.0
        ]
      ]
    },
    {
      "file_path": "./images/0104",
      "sharpness": 43.50413282030276,
      "transform_matrix": [
        [
          0.5863555356071637,
          -0.11032915527597277,
          0.8025051059257876,
          3.046448071458052
        ],
        [
          0.8065255193568065,
          0.17187566031425539,
          -0.565663441401019,
          -2.2502824365862417
        ],
        [
          -0.07552199407909208,
          0.9789209394923359,
          0.1897635615041035,
          0.8355165395162346
        ],
        [
          0.0,
          0.0,
          0.0,
          1.0
        ]
      ]
    },
    {
      "file_path": "./images/0085",
      "sharpness": 48.07271547484375,
      "transform_matrix": [
        [
          0.9253140843424832,
          0.09683950489621712,
          -0.36663008406812403,
          -2.348360493869628
        ],
        [
          -0.3790453162595928,
          0.2641521429349671,
          -0.8868765228176244,
          -3.4500319594741686
        ],
        [
          0.010961590694326112,
          0.9596071557396213,
          0.28112980588368924,
          1.2962398221333982
        ],
        [
          0.0,
          0.0,
          0.0,
          1.0
        ]
      ]
    },
    {
      "file_path": "./images/0065",
      "sharpness": 29.528242169021006,
      "transform_matrix": [
        [
          -0.0971267804948372,
          0.36305350769435407,
          -0.9266907335701313,
          -3.045599022923549
        ],
        [
          -0.9903637752495008,
          0.05708761619957525,
          0.12616582852561983,
          0.9648334610633751
        ],
        [
          0.09870744359138235,
          0.9300176200819547,
          0.354011333158272,
          1.1552925826484963
        ],
        [
          0.0,
          0.0,
          0.0,
          1.0
        ]
      ]
    },
    {
      "file_path": "./images/0077",
      "sharpness": 19.061870242771,
      "transform_matrix": [
        [
          0.5236144129709827,
          0.2874614972773493,
          -0.8019915815365187,
          -3.722540838727716
        ],
        [
          -0.8517781210203538,
          0.19573410929635673,
          -0.48596180009392326,
          -1.4419240906437294
        ],
        [
          0.017281582154456177,
          0.93757861646484,
          0.3473437218951868,
          1.7870772727281496
        ],
        [
          0.0,
          0.0,
          0.0,
          1.0
        ]
      ]
    },
    {
      "file_path": "./images/0057",
      "sharpness": 18.792717179001468,
      "transform_matrix": [
        [
          -0.5549710230776439,
          0.2518415896427175,
          -0.7928305507229673,
          -2.9762955647282228
        ],
        [
          -0.8318323819419374,
          -0.15917823963561703,
          0.531709038404264,
          2.075819781755089
        ],
        [
          0.0077049198206765555,
          0.9545877426672752,
          0.29783024501263217,
          1.3364544421270625
        ],
        [
          0.0,
          0.0,
          0.0,
          1.0
        ]
      ]
    },
    {
      "file_path": "./images/0109",
      "sharpness": 41.04036873936524,
      "transform_matrix": [
        [
          0.24420808838669691,
          -0.1409389273554921,
          0.9594261877501564,
          4.305874610656135
        ],
        [
          0.9659989566232082,
          0.12198032398624228,
          -0.22796227972967303,
          -1.1440332057923204
        ],
        [
          -0.08490236734111928,
          0.9824749428857696,
          0.16593543976725936,
          0.40297251521003147
        ],
        [
          0.0,
          0.0,
          0.0,
          1.0
        ]
      ]
    },
    {
      "file_path": "./images/0110",
      "sharpness": 29.028353758083487,
      "transform_matrix": [
        [
          0.19781262269088934,
          -0.13713862721165648,
          0.9705993699949554,
          4.4152351669322965
        ],
        [
          0.9769170521335884,
          0.10903988259593275,
          -0.18369365068635216,
          -0.5331122779194173
        ],
        [
          -0.08064256019059593,
          0.9845320160836366,
          0.15554252935014445,
          0.36243471633077257
        ],
        [
          0.0,
          0.0,
          0.0,
          1.0
        ]
      ]
    },
    {
      "file_path": "./images/0026",
      "sharpness": 44.50691338661865,
      "transform_matrix": [
        [
          -0.8498539595914538,
          -0.1575028798835247,
          0.502932915833903,
          2.3622822596829662
        ],
        [
          0.527017475891917,
          -0.2519514387503078,
          0.8116486159180542,
          3.061154710779116
        ],
        [
          -0.001122317500699569,
          0.9548368486610483,
          0.2971285017095481,
          1.0737965712670843
        ],
        [
          0.0,
          0.0,
          0.0,
          1.0
        ]
      ]
    },
    {
      "file_path": "./images/0015",
      "sharpness": 25.36491686579833,
      "transform_matrix": [
        [
          -0.3033319043973481,
          -0.37577713814432495,
          0.8756604828706371,
          2.901584990143747
        ],
        [
          0.946762157712532,
          -0.014844644688874063,
          0.3215914109732097,
          0.5825121358147356
        ],
        [
          -0.10784783415733627,
          0.9265911578526369,
          0.3602744374555074,
          0.9947828977291495
        ],
        [
          0.0,
          0.0,
          0.0,
          1.0
        ]
      ]
    },
    {
      "file_path": "./images/0107",
      "sharpness": 15.831887420898443,
      "transform_matrix": [
        [
          0.3601997508929474,
          -0.1328517547443043,
          0.9233669971369037,
          3.662432508807555
        ],
        [
          0.9289870195443343,
          0.14135936249004108,
          -0.3420536558702204,
          -2.1648188947545774
        ],
        [
          -0.08508411570471841,
          0.9810035450860698,
          0.1743351556303327,
          0.8964206928945933
        ],
        [
          0.0,
          0.0,
          0.0,
          1.0
        ]
      ]
    },
    {
      "file_path": "./images/0108",
      "sharpness": 22.581696909958495,
      "transform_matrix": [
        [
          0.2879088924235347,
          -0.13812891225271237,
          0.9476438492078579,
          4.023464459577641
        ],
        [
          0.9536606704729979,
          0.1316696398921868,
          -0.27054468075989335,
          -1.6978333020818743
        ],
        [
          -0.08740588585396274,
          0.9816228946289106,
          0.16963697204198883,
          0.5570758660850397
        ],
        [
          0.0,
          0.0,
          0.0,
          1.0
        ]
      ]
    },
    {
      "file_path": "./images/0068",
      "sharpness": 20.172838665993655,
      "transform_matrix": [
        [
          -0.030437759224155383,
          0.41778628435394827,
          -0.9080350880764068,
          -3.1512071622248965
        ],
        [
          -0.9907968810023069,
          0.10725958371215925,
          0.08256202774054366,
          0.543451855883178
        ],
        [
          0.13188874413248464,
          0.9021917389875089,
          0.4106767783109533,
          1.1797610250823591
        ],
        [
          0.0,
          0.0,
          0.0,
          1.0
        ]
      ]
    },
    {
      "file_path": "./images/0066",
      "sharpness": 13.624509486911624,
      "transform_matrix": [
        [
          -0.07101362583322957,
          0.38695133959865374,
          -0.9193623638019722,
          -2.774908850319458
        ],
        [
          -0.990520527191781,
          0.08130001302210958,
          0.11072848887424679,
          0.6741089129478334
        ],
        [
          0.11759073175350052,
          0.9185092125299087,
          0.37750930027454166,
          1.2653254999389898
        ],
        [
          0.0,
          0.0,
          0.0,
          1.0
        ]
      ]
    },
    {
      "file_path": "./images/0064",
      "sharpness": 22.039008448593762,
      "transform_matrix": [
        [
          -0.14520751063886292,
          0.3466913050673104,
          -0.9266705682209663,
          -2.9578054964144105
        ],
        [
          -0.9854369447297534,
          0.033072457728752634,
          0.16678934847081026,
          1.192435605231454
        ],
        [
          0.08847164590043306,
          0.9373959387998733,
          0.33684061449688896,
          1.2747322329207238
        ],
        [
          0.0,
          0.0,
          0.0,
          1.0
        ]
      ]
    },
    {
      "file_path": "./images/0067",
      "sharpness": 16.84765931859374,
      "transform_matrix": [
        [
          -0.061624964971686076,
          0.41320702419274036,
          -0.9085514640725862,
          -2.7377696270386993
        ],
        [
          -0.9894308439155473,
          0.09443114992463879,
          0.11005790176781129,
          0.38388361889578904
        ],
        [
          0.1312722919836523,
          0.9057280171427644,
          0.4030191237073733,
          1.091539722852889
        ],
        [
          0.0,
          0.0,
          0.0,
          1.0
        ]
      ]
    },
    {
      "file_path": "./images/0100",
      "sharpness": 36.69463799579835,
      "transform_matrix": [
        [
          0.8307684144577021,
          -0.06947082331570685,
          0.552265407827964,
          2.066338013606023
        ],
        [
          0.5537873222068971,
          0.20309044459170775,
          -0.8075105580423688,
          -3.732046614790744
        ],
        [
          -0.056061530751075624,
          0.9766923894284033,
          0.2071933033627206,
          1.136469389286269
        ],
        [
          0.0,
          0.0,
          0.0,
          1.0
        ]
      ]
    },
    {
      "file_path": "./images/0105",
      "sharpness": 31.259242108398432,
      "transform_matrix": [
        [
          0.5172062815111961,
          -0.11758895387290258,
          0.8477442738286404,
          3.308751840732695
        ],
        [
          0.8522505938365054,
          0.16164225392801512,
          -0.49753448611234774,
          -2.1977974406244325
        ],
        [
          -0.07852678622517319,
          0.9798186553042624,
          0.18381766787952777,
          0.9056302705727494
        ],
        [
          0.0,
          0.0,
          0.0,
          1.0
        ]
      ]
    },
    {
      "file_path": "./images/0106",
      "sharpness": 36.275030604990235,
      "transform_matrix": [
        [
          0.42672795095624017,
          -0.12754395367334903,
          0.8953411484411721,
          3.4696862341812
        ],
        [
          0.9005568709909505,
          0.15086117142399463,
          -0.40772319863294487,
          -2.321615433067924
        ],
        [
          -0.08306959497436667,
          0.9802925290210452,
          0.17923726567923504,
          0.9724704133972268
        ],
        [
          0.0,
          0.0,
          0.0,
          1.0
        ]
      ]
    },
    {
      "file_path": "./images/0103",
      "sharpness": 38.30328307397462,
      "transform_matrix": [
        [
          0.6574538107454803,
          -0.09996353294809042,
          0.7468347438343899,
          2.6565139984096446
        ],
        [
          0.7500024366921068,
          0.1821395539768657,
          -0.6358630998687088,
          -2.701245576099608
        ],
        [
          -0.07246492318414702,
          0.9781781623945943,
          0.19472117183077997,
          0.932326668938654
        ],
        [
          0.0,
          0.0,
          0.0,
          1.0
        ]
      ]
    },
    {
      "file_path": "./images/0074",
      "sharpness": 27.58301355859375,
      "transform_matrix": [
        [
          0.27017616709258774,
          0.34984539653191554,
          -0.89700332174685,
          -3.4549185774760995
        ],
        [
          -0.9608911108854314,
          0.15679408370323322,
          -0.22826692531811227,
          -0.37285110520997333
        ],
        [
          0.060786761308972315,
          0.9235930186048976,
          0.3785246714600229,
          1.5413803789087102
        ],
        [
          0.0,
          0.0,
          0.0,
          1.0
        ]
      ]
    },
    {
      "file_path": "./images/0069",
      "sharpness": 27.92377650384521,
      "transform_matrix": [
        [
          -0.007552096005282161,
          0.40919863026118325,
          -0.9124127755814759,
          -3.246201060683394
        ],
        [
          -0.9912486156272323,
          0.11718426245149643,
          0.060759382557167466,
          0.658745093657512
        ],
        [
          0.1317830528512578,
          0.9048889272891849,
          0.4047335026199975,
          1.1468346797014066
        ],
        [
          0.0,
          0.0,
          0.0,
          1.0
        ]
      ]
    },
    {
      "file_path": "./images/0063",
      "sharpness": 33.54496561436524,
      "transform_matrix": [
        [
          -0.2089351323274764,
          0.3328219646621414,
          -0.9195511325669519,
          -3.039203702539673
        ],
        [
          -0.9749344926888156,
          0.002636965385028597,
          0.22247344547837283,
          1.0383474027907182
        ],
        [
          0.07646882914934083,
          0.9429859021705411,
          0.3239291415410704,
          0.9634260868437844
        ],
        [
          0.0,
          0.0,
          0.0,
          1.0
        ]
      ]
    },
    {
      "file_path": "./images/0086",
      "sharpness": 36.66724272484375,
      "transform_matrix": [
        [
          0.9437291309623849,
          0.07738447891412618,
          -0.3215413701724173,
          -1.9312539193141711
        ],
        [
          -0.33049628140722404,
          0.25660300676306175,
          -0.9082560233068914,
          -3.7281390018636698
        ],
        [
          0.01222374484218638,
          0.9634140788150359,
          0.26773852012015326,
          1.300626976150328
        ],
        [
          0.0,
          0.0,
          0.0,
          1.0
        ]
      ]
    },
    {
      "file_path": "./images/0021",
      "sharpness": 96.48671311501708,
      "transform_matrix": [
        [
          -0.6612310636305049,
          -0.26469653780322955,
          0.7019322714663051,
          3.3356825436394755
        ],
        [
          0.7496402442417157,
          -0.1975858430566403,
          0.6316636965492036,
          1.9647905021152856
        ],
        [
          -0.02850732792686618,
          0.9438726053861701,
          0.3290772323707995,
          1.079139282509528
        ],
        [
          0.0,
          0.0,
          0.0,
          1.0
        ]
      ]
    },
    {
      "file_path": "./images/0062",
      "sharpness": 30.176019430661615,
      "transform_matrix": [
        [
          -0.2708383924276685,
          0.322333910510656,
          -0.9070532539496945,
          -3.0449927422771603
        ],
        [
          -0.9605031705329065,
          -0.027977897678364606,
          0.2768557528805631,
          1.0198316721109395
        ],
        [
          0.06386248606517758,
          0.9462123740627126,
          0.317180870416372,
          1.2308883493448894
        ],
        [
          0.0,
          0.0,
          0.0,
          1.0
        ]
      ]
    },
    {
      "file_path": "./images/0034",
      "sharpness": 95.28723425467776,
      "transform_matrix": [
        [
          -0.9906782847102328,
          -0.04663867803840256,
          0.1279888654576152,
          0.9144140966610611
        ],
        [
          0.13592276928702154,
          -0.276241107491576,
          0.9514282075338397,
          3.94742628070466
        ],
        [
          -0.0090175740398825,
          0.9599560661454045,
          0.2800054121829131,
          1.0988537086663037
        ],
        [
          0.0,
          0.0,
          0.0,
          1.0
        ]
      ]
    },
    {
      "file_path": "./images/0053",
      "sharpness": 58.871319173610836,
      "transform_matrix": [
        [
          -0.7172771311291055,
          0.19430929763304175,
          -0.6691446648310664,
          -2.839495756376011
        ],
        [
          -0.6967752746808843,
          -0.20534227617370915,
          0.6872670199488765,
          2.623606534334018
        ],
        [
          -0.0038614777879117414,
          0.9592070101018315,
          0.2826782231818651,
          1.339151649466615
        ],
        [
          0.0,
          0.0,
          0.0,
          1.0
        ]
      ]
    },
    {
      "file_path": "./images/0037",
      "sharpness": 82.54459609755614,
      "transform_matrix": [
        [
          -0.9993773602244347,
          -0.012648229388257244,
          0.032936524005590134,
          0.2808891524524079
        ],
        [
          0.03517681248973322,
          -0.2853056759055244,
          0.9577907729901393,
          3.7800597048882256
        ],
        [
          -0.0027173834360358423,
          0.9583531070419338,
          0.2855729969690586,
          1.0267921628021823
        ],
        [
          0.0,
          0.0,
          0.0,
          1.0
        ]
      ]
    },
    {
      "file_path": "./images/0059",
      "sharpness": 40.84619370484374,
      "transform_matrix": [
        [
          -0.45421309642115637,
          0.27613244590487707,
          -0.847020802944037,
          -3.1428533252463886
        ],
        [
          -0.8905762240548104,
          -0.1153135091096039,
          0.4399768906421746,
          1.4639774359513003
        ],
        [
          0.023819106958110906,
          0.9541771485907892,
          0.2982928848184188,
          1.5642819688859366
        ],
        [
          0.0,
          0.0,
          0.0,
          1.0
        ]
      ]
    },
    {
      "file_path": "./images/0051",
      "sharpness": 76.40133591986084,
      "transform_matrix": [
        [
          -0.7807635179875534,
          0.16594720101936927,
          -0.6023865323630708,
          -2.452108458694261
        ],
        [
          -0.6247710443502961,
          -0.2201748986959124,
          0.749122044537066,
          3.308485691787346
        ],
        [
          -0.008315704830656672,
          0.9612411248235233,
          0.2755836466973606,
          1.2610827139695862
        ],
        [
          0.0,
          0.0,
          0.0,
          1.0
        ]
      ]
    },
    {
      "file_path": "./images/0070",
      "sharpness": 33.16390150232178,
      "transform_matrix": [
        [
          0.020591952543134676,
          0.4090307849897654,
          -0.9122878118358784,
          -3.218616171228282
        ],
        [
          -0.9915797104501634,
          0.1250384031137564,
          0.033680151310113905,
          0.3107375628941809
        ],
        [
          0.1278472220476378,
          0.9039132167635483,
          0.4081616956818442,
          1.0696558132768066
        ],
        [
          0.0,
          0.0,
          0.0,
          1.0
        ]
      ]
    },
    {
      "file_path": "./images/0043",
      "sharpness": 124.62517809214843,
      "transform_matrix": [
        [
          -0.9726628561148464,
          0.07055075189409588,
          -0.22124756904909407,
          -1.0365720278478385
        ],
        [
          -0.23220839669769103,
          -0.2845065827516198,
          0.9301269708660678,
          3.6875752066808722
        ],
        [
          0.00267480769960554,
          0.956074649340159,
          0.2931111073266685,
          1.254311840426728
        ],
        [
          0.0,
          0.0,
          0.0,
          1.0
        ]
      ]
    },
    {
      "file_path": "./images/0046",
      "sharpness": 43.14442116834963,
      "transform_matrix": [
        [
          -0.9102679410583456,
          0.11186312742940491,
          -0.3986218326132819,
          -1.6941762396194775
        ],
        [
          -0.41394021091646804,
          -0.26482039841849514,
          0.8709328926094977,
          3.7194645830170594
        ],
        [
          -0.00813789207023454,
          0.9577874812789771,
          0.28736200098912096,
          1.1356262961291952
        ],
        [
          0.0,
          0.0,
          0.0,
          1.0
        ]
      ]
    },
    {
      "file_path": "./images/0078",
      "sharpness": 50.98705074404052,
      "transform_matrix": [
        [
          0.5981187834369297,
          0.2664860852525182,
          -0.755805105078267,
          -3.6662874052187084
        ],
        [
          -0.8013118302379724,
          0.21353957830661147,
          -0.5588402806464359,
          -2.016253684559728
        ],
        [
          0.01247130164971245,
          0.9398863058482414,
          0.3412597463041072,
          1.6422736486275897
        ],
        [
          0.0,
          0.0,
          0.0,
          1.0
        ]
      ]
    },
    {
      "file_path": "./images/0102",
      "sharpness": 45.63243860898193,
      "transform_matrix": [
        [
          0.7167554869608005,
          -0.09043497908180793,
          0.6914356976343574,
          2.5611629975665315
        ],
        [
          0.6940722200597649,
          0.18817857384312722,
          -0.6948761152505648,
          -3.2245344497917947
        ],
        [
          -0.0672722134914666,
          0.9779623534564759,
          0.19764638690008474,
          1.0692276022314053
        ],
        [
          0.0,
          0.0,
          0.0,
          1.0
        ]
      ]
    },
    {
